$ANSIBLE_VAULT;1.2;AES256;deployment_key
63373266633465343939356633653265303864376665666166343665616263303339386265336139
6362396663333864323639646564653230613536333164310a653532613830303133663132353235
62316466623864376139353561393930643936666133646237366431356535666461366163663538
3536323365323334620a316364383237386636663034633534303662313862373438323936363765
64313837666166613466383430386339346261663039343261366164323631613439633362333863
39663339333431303835343732643132326262376661616161376265333764616339343532343934
65386430313931373339303533663131373065643832313430663665653562656361656532353366
32323237353464393235303134383533366237323731633233383964356431626537343035303664
65643865616132303732633263613966326233653038623233396365326266313137633330663037
30366532386534646335366438356336396336333761313762306130356336653635626635303235
32303239616464643032326262316630373235313831323161643964653830323063383634393135
66376534633566666339333236333462383661333364626134666435373664643330333832396466
30663630373265616562613031343637353163333264666435623038326665333331316637313632
36393231313837353566633863613464383531303763336536623731646533393665306434323863
33336564336537323237613038303934636235363530343037366163396132333234353239316236
36666565633465343431613136393434363138373063333332353339366334313132303334623833
65613231336662653637356132306338666334303562386262633839643531633963393262616563
32386330353361336632396631643532636231616566343361363165376261363332656263363736
646362366631623139333261306538313433
